1.8

0.004 0.004 1.0 1.0

5

2.0
-6.0 2.0 0.0
1.0 0.0 0.0
0.2 0.8 2.0 100
0.5 0.0 1.0

2.0
-3.0 6.0 0.0
0.0 0.0 1.0
0.2 0.8 2.0 100
0.5 0.0 1.0

2.0
3.0 6.0 0.0
0.0 1.0 0.0
0.2 0.8 2.0 100
0.5 0.0 1.0

2.0
6.0 2.0 0.0
1.0 1.0 0.0
0.2 0.8 2.0 100
0.5 0.0 1.0

2.0
0.0 2.0 0.0
0.0 0.0 0.0
0.2 0.8 5.0 120
1.0 0.0 1.0

6

-10.0 0.0 10.0
10.0 0.0 10.0
10.0 0.0 -10.0
1.0 1.0 1.0
0.2 0.3 1.0 100
0.9 0.0 0.0

-10.0 0.0 -10.0
-10.0 0.0 10.0
10.0 0.0 -10.0
1.0 1.0 1.0
0.2 0.3 1.0 100
0.9 0.0 0.0

-10.0 0.0 -10.0
-10.0 10.0 -10.0
-10.0 0.0 10.0
1.0 1.0 1.0
0.2 0.3 1.0 100
1.0 0.0 0.0

-10.0 0.0 10.0
-10.0 10.0 10.0
-10.0 10.0 -10.0
1.0 1.0 1.0
0.2 0.3 1.0 100
1.0 0.0 0.0

-10.0 10.0 -10.0
10.0 10.0 -10.0
10.0 0.0 -10.0
1.0 1.0 1.0
0.2 0.3 1.0 100
1.0 0.0 0.0

-10.0 10.0 -10.0
-10.0 0.0 -10.0
10.0 0.0 -10.0
1.0 1.0 1.0
0.2 0.3 1.0 100
1.0 0.0 0.0


0.0 15.0 60.0
0.0 5.0 0.0
0.0 1.0 0.0

30
100
16 9

2
-9.0 12.0 0.0 500.0
9.0 12.0 7.0 500.0

0.0 1.0 12.0

0.5

